Age,Gender,Class,Seat_Type,Fare_Paid
52,1,1,2,822.34
15,0,1,1,732.22
72,1,2,0,957.75
61,0,0,1,67.32
21,1,1,0,235.99
75,1,1,1,57.18
75,1,1,0,665.1
24,1,0,2,903.13
3,1,0,0,281.31
22,1,1,1,930.68
53,0,1,1,107.25
2,1,1,0,937.71
30,0,1,2,384.04
38,1,0,2,146.35
2,0,1,0,511.58
64,0,0,0,293.94
60,0,0,1,320.63
21,1,1,2,341.93
33,1,1,0,812.87
76,0,0,2,562.2
58,1,2,0,345.74
22,0,1,0,629.82
49,1,0,2,730.34
59,0,1,0,308.99
42,0,0,0,442.87
60,1,1,1,165.79
15,0,1,0,222.09
62,1,2,0,697.06
62,0,0,0,222.37
47,0,2,1,548.91
62,1,2,2,723.59
51,1,1,1,151.53
55,1,0,1,588.95
64,0,1,2,293.73
3,1,0,1,964.78
51,0,1,2,509.37
7,0,1,1,815.69
21,1,1,2,572.72
73,1,1,0,91.24
39,0,1,1,651.49
18,0,0,1,953.83
4,1,1,1,621.53
60,1,1,1,828.23
14,1,1,0,890.0
9,1,2,1,266.68
53,1,1,0,251.44
2,0,1,0,630.43
60,0,0,0,440.48
71,0,2,0,847.87
44,0,1,2,905.02
8,1,1,2,385.75
47,1,1,1,275.03
35,1,2,2,791.5
78,0,1,2,311.07
36,0,0,1,831.48
50,1,0,1,452.55
4,1,0,1,684.17
2,0,1,2,140.76
6,0,1,2,642.67
54,1,1,1,479.18
4,1,0,0,607.28
54,0,1,1,209.61
63,1,0,0,750.03
18,1,1,0,869.66
44,1,1,1,255.9
34,0,0,1,140.93
74,0,1,1,72.46
62,0,0,2,659.87
14,0,1,0,626.74
48,0,1,2,569.36
15,0,0,2,270.35
72,0,1,1,421.36
78,1,0,2,614.75
62,1,1,1,521.93
40,1,1,0,988.4
53,1,1,1,179.62
24,1,2,2,710.39
26,1,1,2,434.1
60,1,1,1,456.79
41,0,0,1,731.72
29,0,2,2,707.81
15,1,1,0,991.69
45,1,1,0,171.97
65,0,1,1,148.9
71,1,1,0,738.12
9,1,1,2,599.47
1,0,0,1,310.45
8,1,0,2,125.45
63,0,0,2,131.38
11,1,1,0,899.48
8,0,2,1,232.27
35,0,1,1,357.2
35,0,1,0,265.32
33,1,1,2,387.25
5,0,0,2,115.95
41,1,1,2,543.11
28,1,2,2,114.23
7,1,1,1,810.34
73,1,2,1,272.03
72,0,0,0,563.01
12,0,1,0,886.08
34,1,2,1,668.33
33,1,0,1,556.31
48,0,1,2,358.12
23,1,1,2,366.35
62,0,1,0,686.01
37,1,1,1,994.43
44,1,1,0,678.75
35,0,0,1,579.89
65,1,0,2,744.12
47,0,0,0,491.95
78,1,1,0,107.14
3,1,1,1,584.18
1,1,1,2,959.74
5,0,1,0,216.54
14,1,1,2,705.5
27,1,0,0,240.89
9,1,1,2,559.04
79,1,1,1,141.84
15,0,1,0,477.85
42,0,2,0,768.36
77,1,1,2,380.19
51,0,1,2,681.67
63,1,1,0,805.68
52,1,1,1,930.82
4,1,1,2,272.91
23,0,1,2,429.35
15,0,0,2,194.8
43,0,1,0,992.86
29,0,1,0,930.65
36,0,1,0,562.96
13,0,1,0,849.93
32,0,1,1,544.91
71,0,1,1,642.41
59,0,1,0,134.67
28,1,2,1,767.51
66,0,1,2,171.33
42,0,1,2,834.76
45,0,2,2,792.93
62,0,1,0,723.31
57,0,1,2,84.35
6,0,1,1,337.97
28,0,1,0,299.96
28,0,0,1,392.13
44,0,2,2,133.26
30,0,0,2,940.11
62,0,1,2,576.11
75,1,2,0,340.25
62,1,0,1,427.13
1,0,0,0,474.84
27,0,1,0,620.56
62,1,1,2,539.9
77,0,0,0,923.42
3,1,0,0,522.12
70,1,1,2,992.55
72,1,1,0,858.85
27,1,0,2,248.08
9,1,1,2,934.07
62,0,2,2,160.55
37,1,0,2,826.58
51,0,1,0,411.59
44,0,1,2,884.08
24,1,1,2,874.65
79,1,0,0,815.63
59,0,1,0,800.53
32,1,1,1,339.45
52,1,2,0,126.87
62,0,1,0,432.83
58,0,0,1,214.85
52,1,1,0,710.2
12,0,2,0,378.79
39,1,1,0,976.83
2,1,2,0,658.92
3,1,1,1,831.36
56,0,1,0,175.9
59,0,1,0,868.91
2,0,2,1,926.62
2,0,1,2,512.71
54,0,0,1,625.94
1,1,1,2,776.57
19,1,0,1,216.1
2,1,0,1,527.44
53,1,2,0,428.73
44,0,1,2,189.06
32,1,1,0,399.16
70,0,2,2,114.76
32,1,1,1,74.52
68,0,1,1,178.41
55,0,1,2,964.96
75,1,1,0,572.05
56,1,1,0,967.53
17,1,1,0,460.87
38,1,0,0,346.23
24,0,0,1,530.83
69,1,1,1,467.54
70,1,1,1,150.38
11,0,0,1,658.78
16,1,0,1,255.24
73,1,1,0,638.61
59,1,1,0,667.69
70,1,2,0,194.42
3,1,0,0,108.28
20,0,1,1,791.72
59,1,1,1,486.81
36,1,2,1,105.26
19,1,0,2,995.12
67,1,0,0,104.89
19,1,1,0,710.28
20,0,2,1,984.49
71,1,2,0,277.22
52,0,1,0,185.14
33,0,0,1,165.32
40,1,1,2,338.11
39,1,0,2,145.99
1,1,2,2,707.55
11,1,0,1,109.18
57,0,1,0,533.95
50,1,1,1,996.86
23,1,1,1,823.27
31,1,0,0,634.46
42,1,1,2,340.94
7,1,0,2,642.7
16,1,0,1,550.69
60,0,1,2,454.78
2,0,2,1,174.17
1,1,2,1,892.27
48,1,0,0,477.3
12,1,2,0,234.89
69,0,0,0,399.37
37,1,1,1,443.42
32,0,1,0,836.16
9,1,1,2,746.93
19,1,1,2,780.84
48,1,0,1,60.48
3,1,0,1,445.35
20,0,0,0,507.28
24,0,1,1,68.23
54,1,0,1,296.82
33,1,1,2,772.28
24,0,1,2,180.25
75,0,1,0,558.54
72,0,1,1,254.44
36,0,0,1,61.51
38,1,1,2,279.14
25,0,1,1,977.08
18,1,2,2,811.46
66,0,1,0,961.6
54,0,1,2,513.46
35,0,1,1,154.25
61,0,1,0,570.56
41,0,1,2,481.66
33,1,2,2,852.14
68,1,0,0,143.18
33,0,1,0,513.83
14,0,1,2,192.55
21,1,0,1,358.44
48,0,2,2,750.49
20,0,1,0,502.22
8,1,1,2,407.09
7,0,1,0,424.75
67,0,0,0,486.47
17,1,0,1,795.77
33,1,2,0,897.48
48,1,1,0,957.57
76,0,2,1,797.56
59,1,1,0,349.64
22,1,0,1,703.73
30,1,1,1,465.72
38,1,1,0,291.94
51,1,1,0,848.83
54,1,0,2,86.51
8,0,2,1,906.67
27,0,2,2,488.4
27,1,1,0,655.34
21,1,1,2,676.39
30,1,1,1,900.36
28,0,1,2,654.84
64,0,1,1,633.24
69,0,0,0,113.32
61,0,1,0,542.49
48,0,1,1,192.66
19,0,0,0,750.56
4,0,1,0,536.61
35,0,2,0,696.22
64,0,0,0,89.59
49,1,1,1,130.55
17,1,2,2,730.51
44,1,1,2,118.48
30,1,0,0,117.69
46,0,0,2,61.5
6,0,0,2,958.68
37,1,0,0,750.63
24,0,1,0,385.59
46,1,0,2,331.71
53,0,1,1,382.22
60,1,1,0,785.92
63,0,1,1,678.3
32,0,1,2,225.94
33,1,1,0,215.4
67,0,0,1,143.48
18,1,2,0,677.29
25,1,0,2,776.15
54,1,1,1,301.79
58,1,2,2,69.9
67,0,1,2,128.06
46,0,1,0,969.47
24,0,0,1,330.67
32,1,1,2,780.76
47,0,2,2,643.43
23,1,2,1,412.84
66,0,1,2,245.4
27,0,1,2,165.32
2,0,1,1,634.26
17,1,1,1,785.9
33,0,0,1,661.71
9,0,1,1,553.79
43,1,1,0,89.85
48,0,1,1,970.06
39,1,0,0,808.78
42,0,1,0,328.18
26,1,0,0,980.97
50,1,2,2,621.79
25,0,1,0,603.3
24,1,2,0,760.67
13,1,1,2,821.18
60,1,1,2,673.65
7,1,0,2,171.69
57,1,1,1,371.35
36,1,1,2,931.68
45,0,1,2,263.38
20,1,1,0,403.56
65,1,1,2,460.47
8,0,1,1,467.43
16,0,1,2,632.29
14,0,0,1,945.92
76,0,1,2,278.66
15,0,0,2,165.43
66,0,1,2,237.6
32,0,1,2,892.58
63,1,2,1,663.52
51,1,1,1,321.61
25,0,1,0,825.15
58,1,0,1,868.3
63,1,1,2,854.19
62,1,1,0,922.98
22,0,2,0,289.63
58,0,1,0,767.29
58,1,0,2,487.51
49,0,1,1,849.9
52,1,1,2,742.07
42,1,1,0,787.63
70,1,1,2,673.35
15,1,1,2,218.56
54,0,1,1,567.78
60,0,0,1,985.44
8,0,1,0,940.52
53,1,2,2,91.02
60,0,1,2,206.57
5,1,0,1,175.14
68,0,2,2,739.68
6,1,2,2,826.9
47,1,1,2,252.84
55,1,0,1,530.56
40,0,1,0,848.67
52,0,2,0,746.16
16,0,0,2,565.13
13,0,1,0,610.83
30,1,1,1,532.94
19,0,0,1,332.67
17,0,1,0,586.77
63,1,1,0,704.44
19,1,1,2,879.66
58,1,0,0,654.48
55,0,2,2,773.07
62,1,1,2,202.07
23,1,2,1,488.48
9,1,1,1,58.87
12,0,1,1,284.34
1,1,1,1,740.14
58,0,1,0,992.22
1,0,1,1,144.22
34,1,0,0,431.42
48,1,1,1,810.07
1,0,1,0,243.83
16,1,1,2,577.33
61,1,1,0,746.42
64,0,1,0,635.19
63,0,1,1,228.62
69,1,1,0,387.62
22,0,1,2,794.6
67,1,1,2,576.52
76,1,1,1,54.97
26,1,0,2,772.94
16,0,2,0,83.55
51,1,0,2,758.45
57,1,0,1,242.36
29,1,0,0,960.17
78,0,0,1,399.54
69,0,2,0,360.59
47,0,2,2,191.44
62,0,1,1,340.32
69,0,1,1,882.82
76,1,0,0,996.52
16,0,1,1,399.89
48,0,0,0,476.18
39,0,1,0,735.97
33,1,1,0,891.89
23,0,2,0,613.39
10,0,1,2,421.95
69,1,1,0,441.99
34,0,1,1,710.84
52,1,1,2,53.06
10,1,1,1,638.61
19,1,0,2,387.72
58,1,1,0,804.49
1,1,0,2,138.34
69,0,1,2,608.79
4,1,1,1,506.92
16,1,1,1,660.21
24,0,1,0,111.61
2,1,0,2,600.98
32,0,0,2,583.41
24,0,0,2,582.63
12,0,0,0,623.31
50,1,1,0,692.64
35,1,0,0,814.74
33,1,2,0,306.33
33,0,1,0,833.8
61,1,1,1,523.34
51,1,1,2,123.21
43,1,1,2,105.62
12,0,0,2,367.53
67,0,0,2,795.65
65,1,1,2,722.3
33,1,1,2,799.18
40,1,0,2,541.41
74,1,1,2,468.19
43,0,0,1,190.08
44,0,0,2,361.78
29,0,1,1,462.32
13,0,1,0,134.17
12,1,1,2,259.58
46,1,2,0,618.31
2,1,1,0,748.88
35,0,0,0,998.43
8,1,2,1,936.46
26,0,1,0,660.44
74,0,1,0,450.19
34,1,1,0,654.37
7,1,1,2,796.37
68,1,1,2,162.42
58,0,1,1,439.41
75,1,2,1,847.81
29,0,1,2,414.64
36,1,0,1,593.28
21,0,0,2,608.38
36,0,1,0,225.25
10,1,1,0,394.12
73,0,2,1,367.79
24,0,0,2,74.89
64,1,1,2,72.98
49,0,2,1,840.11
36,1,1,2,309.42
24,0,1,0,542.17
23,1,1,1,333.79
62,1,1,1,943.65
37,0,1,2,296.33
12,0,0,1,458.17
55,0,1,2,879.09
13,0,1,2,849.84
23,0,0,2,226.8
30,1,1,2,812.51
17,0,1,2,485.28
62,1,1,1,508.82
13,1,1,0,176.81
59,0,1,0,126.57
19,1,1,1,741.54
49,1,1,1,521.64
12,1,1,0,465.01
61,1,1,0,743.03
19,0,1,0,777.24
76,1,1,0,200.96
9,0,0,0,629.71
71,0,1,2,178.59
28,1,1,1,763.81
78,0,2,2,674.11
52,0,1,0,958.78
16,0,2,0,115.51
69,1,0,0,104.2
12,0,1,2,318.08
25,0,0,2,298.62
52,0,1,0,284.63
53,1,1,2,910.94
23,0,1,2,287.07
16,1,2,0,308.35
57,1,0,2,771.43
39,1,1,1,477.25
53,1,1,1,787.88
42,1,1,1,112.1
58,1,0,1,513.19
